Packet Size 1400
466.666667
1.024140
0.822562
1.190476
9.929078
0.988701
0.622222
1.107595
1.902174
2.348993
0.916830
1.069519
1.243339
0.398860
1.131770
0.863664
1.866667
2.451839
0.878294
0.823045
1.205857
1.923077
1.260126
1.266968
1.495726
0.887762
700.000000
0.880503
0.837822
2.417962
1.408451
1.002147
1.084431
3.070175
1.465969
1.216334
1.443299
2.098951
1.092896
1.492537
1.270417
2.681992
1.443299
2.121212
1.871658
2.777778
1.553829
2.941176
2.857143
1.079414
1.056604
2.121212
1.434426
0.921659
0.799087
2.201258
0.658824
466.666667
2.409639
1.069519
1.244444
1.658768
1.241135
1.279707
1.034738
3.341289
1.260126
2.713178
1.314554
0.751476
1.567749
0.852619
2.046784
0.871189
0.853138
1.552106
0.783875
3.263403
1.478353
2.947368
0.466356
466.666667
1.379310
1.656805
700.000000
2.258065
0.915033
2.295082
1.837270
1.414141
1.521739
2.389078
1.112878
1.334604
1.502146
3.083700
2.086438
3.286385
2.916667
1.218451
3.104213
1.059803
1.565996
1.247772
1.219512
1.028655
0.452928
1.447777
0.930851
2.966102
0.637813
3.456790
0.225916
1.347449
1.214224
700.000000
1.607348
1.830065
1.293900
1.920439
3.146067
1.596351
1.199657
1.250000
1.983003
1.289134
1.094605
1.234568
1.985816
0.349301
2.616822
1.095462
1.335878
1.194539
0.979021
1.854305
3.645833
1.609195
2.621723
2.972399
2.434783
1.317027
1.997147
2.985075
1.232394
2.017291
700.000000
2.750491
0.902643
0.851064
0.871731
4.861111
1.104101
22.222222
2.892562
0.678952
0.546661
1.866667
1.140065
0.988003
1.207938
1.191489
1.952580
1.037037
1.498929
1.055011
10.000000
1.472135
2.046784
2.739726
1.204819
2.124431
1.007194
1.357905
0.605013
1.609195
1.027146
1.382034
1.601831
0.367261
1.115538
1.837270
1.192504
0.779076
1.157025
1.444788
1.081081
1.994302
2.074074
1.176471
1.494130
1.367188
2.121212
1.450777
1.007194
1.270417
1.012292
1.778907
1.116427
2.916667
